image: /home/her/Documents/project/object_finder/src/obj_finder/maps/20250914_062544.pgm
resolution: 0.050000
origin: [-100.000000, -100.000000, 0.000000]
negate: 0
occupied_thresh: 0.65
free_thresh: 0.196

